7369.24 827.00 281.04
-3577.29 -8693.86 -19.42
9308.56 -594.00 492.30
8663.16 -3735.45 -430.44
-538.58 -3078.38 -201.19
-5243.96 9050.71 171.77
-5128.21 2693.23 -482.55
-5067.12 8546.28 -384.71
1271.77 445.36 225.09
6669.86 -7953.13 439.44
-90.46 3619.34 6.02
8185.34 8525.02 115.86
-8276.35 711.08 449.92
-5404.09 7492.69 -188.46
-2590.87 -4508.24 -388.57
3873.56 -265.47 -345.98
-6830.21 1692.11 32.08
6433.45 -1433.10 466.95
30.40 -4965.85 -390.74
-6840.79 5744.97 369.57
4508.24 1714.13 -209.82
5201.78 3649.21 -152.06
-3626.92 2245.49 352.47
-6911.51 -9108.18 351.85
1824.67 -1297.97 11.49
-9221.90 6004.86 -129.27
-3025.07 -6061.46 23.57
5934.99 -8033.47 357.98
1793.74 -7712.97 337.80
2693.22 7297.81 44.69
954.00 -8633.49 284.75
-8178.44 -7217.20 -5.96
-6351.23 755.10 -132.74
-6493.95 -4044.13 -454.41
4213.68 -288.69 85.97
-7531.31 -4594.95 -215.64
-4130.71 9618.15 -24.99
8696.12 221.14 -182.05
-8332.68 -7800.37 360.81
-9787.25 1079.53 -14.66
1205.49 -6133.00 288.48
6927.91 -2327.01 499.12
-4546.70 1645.53 -180.56
-6728.40 -6574.16 418.26
-2591.44 5729.06 111.18
-8950.90 4615.71 215.96
-5677.30 4356.88 488.68
-9664.72 -6394.52 101.86
6462.39 6845.38 242.83
7967.25 -2694.35 -294.77
-5058.81 -2668.60 -98.22
3624.44 7651.26 -26.12
-1759.78 -4059.79 338.31
-7204.51 -1136.72 183.99
-570.97 -1762.38 69.15
2595.47 1062.68 112.17
8434.74 4921.55 -176.24
-4572.17 -8895.06 -440.16
791.32 -3227.11 -105.64
6992.12 3123.65 -22.81
9700.99 -2859.58 -417.85
-9401.73 -6879.51 44.25
9558.33 -4139.00 63.36
-5034.20 -3913.58 -253.86
9914.92 8401.66 -403.30
-4933.58 9873.17 -18.48
-880.45 5683.48 -126.86
-4186.40 4394.22 128.09
3796.62 7924.05 -275.88
8894.42 6794.52 202.98
443.91 -399.77 349.69
-6673.64 -1555.52 168.83
-9737.66 9966.85 470.64
206.97 -4779.17 -36.27
7549.86 6234.48 -114.13
7481.34 -9080.57 -338.10
4819.72 1513.28 -397.91
-5212.35 962.98 -165.50
5808.75 -939.50 324.03
1361.83 -3748.29 -336.21
-9466.92 8392.94 -269.44
4996.89 -5382.28 -249.25
-3633.32 9272.65 278.33
-3052.44 2570.69 266.31
6681.45 6804.85 -161.99
-8983.14 -2420.91 482.06
-4437.43 8926.11 -19.17
8692.87 -9543.60 170.94
-4865.48 6572.41 -439.73
4900.85 7523.02 339.92
7896.30 2628.76 172.77
-1535.52 -5164.92 -199.79
-8704.83 2758.33 44.93
5191.19 1568.43 210.23
5672.28 -548.78 -363.64
-4231.29 2343.57 40.24
-5907.05 9935.42 -164.69
6263.51 7319.22 -446.04
-2120.03 3050.17 -9.66
-6686.77 3411.31 -131.76
9171.59 -5341.30 -19.30
5589.69 8220.15 -206.46
4764.43 2432.68 267.39
610.03 -9544.77 465.76
9367.22 -1831.76 170.42
-730.57 1928.38 -466.91
-7350.28 7032.19 -139.52
-8638.29 -6308.14 -72.81
-8905.01 6891.72 156.39
8069.23 9551.90 -356.88
-3490.49 -3969.21 308.02
3082.57 7185.79 278.34
-1720.32 9473.21 -262.34
8453.51 -8510.06 69.55
-6625.12 -2032.75 -19.34
6771.61 -1487.21 -31.43
-3340.99 -974.73 -167.97
-1431.65 1173.74 -2.27
9366.87 -441.27 464.94
7856.39 -1036.59 -111.11
-5440.61 266.38 -197.00
263.01 -4209.00 223.35
4397.93 -609.79 264.60
-1949.52 -8405.05 -321.18
5394.61 -7990.42 -151.51
-8718.72 -7175.32 -452.43
7541.00 -4049.43 392.26
8002.69 3108.47 -257.62
3384.83 -1463.66 297.52
-9486.96 163.19 -304.91
6808.40 7014.97 119.39
1517.33 -3025.89 439.86
-7953.14 -8024.36 329.20
9371.92 -444.29 222.80
-1737.24 -6237.91 -439.87
-1597.25 -7615.68 310.45
-4378.39 8542.62 -379.06
8202.94 1664.07 -174.69
-6260.94 -5387.20 -396.52
270.59 2450.31 -187.58
8463.56 447.18 261.98
-9517.62 -3623.98 137.60
-5885.56 8529.78 16.13
6.85 -8656.87 353.80
8393.56 1836.45 -463.16
6038.40 6073.85 -75.68
-1713.49 2635.95 -100.13
7024.25 -9908.01 97.26
-6390.54 2515.01 20.22
-2929.90 -5980.70 142.33
3313.86 7102.05 -166.86
3706.02 -2044.99 -420.83
-330.63 4717.33 -333.65
-2692.39 839.08 344.13
-3319.46 -5897.62 211.35
3587.77 -4383.10 268.10
2532.81 8522.99 -66.18
1548.95 4139.13 142.47
-1788.38 738.83 -444.45
8990.37 -1918.54 -364.17
7908.41 -6667.56 -158.59
9621.68 6106.42 -23.07
-4395.90 -6741.64 -159.89
-2860.53 -697.52 176.57
1152.59 4466.65 382.76
-6727.51 3341.43 -35.96
-8597.80 5135.43 -96.72
5060.53 6076.44 -336.00
-2464.85 -3432.96 -371.28
7687.87 -3521.31 45.45
9354.61 -7101.65 -161.43
8800.80 4410.14 323.58
-7944.89 -1883.18 -190.93
-1386.80 1309.94 296.84
4551.14 5114.00 23.05
-9228.72 5651.80 -282.47
-9201.10 -1468.00 370.96
-37.07 -101.18 381.60
-3378.09 2265.85 -331.10
7531.11 -2961.51 -348.70
7888.75 2780.65 -219.20
-1619.39 6856.91 330.89
-3427.03 -7730.21 158.15
-3992.78 -5839.65 217.78
6600.78 8536.33 -250.17
6708.01 -5464.05 66.07
-8586.43 4674.26 -292.78
5721.68 2387.45 -428.53
-2331.26 2873.32 302.10
-5822.81 9634.98 385.47
-3092.58 2351.74 168.71
-8287.36 2130.98 -331.55
7407.81 -8841.39 147.94
-1437.83 -6884.03 -317.32
1292.49 3016.86 -419.12
-4891.60 -5528.35 -112.06
3707.85 7481.56 366.71
7479.38 -5010.50 41.09
5306.48 -3678.92 -354.24
7596.47 -8883.85 439.74
7176.41 5450.23 -99.19
8925.46 -6246.10 468.16
-9489.34 -3421.59 261.78
-1794.16 5444.75 52.19
-8660.11 -269.98 -359.51
-2189.36 -2480.10 -144.39
9479.99 5845.01 -60.32
7586.19 7245.69 -42.60
-7731.99 2748.14 200.79
-8260.04 -9405.98 -297.87
1025.59 -3878.52 31.79
1968.91 655.82 -17.60
-7985.35 7260.12 -189.13
1814.43 9374.90 307.35
4502.63 1827.47 -222.29
-2658.77 9994.49 153.57
155.85 3629.01 362.00
2261.74 8877.30 -265.53
-9238.41 -9981.84 150.22
6019.99 -856.49 298.38
-275.18 -2160.40 -298.45
7066.57 -475.69 -71.63
-3574.19 -6892.81 167.93
-4881.49 1944.33 -55.45
-2290.03 -2278.52 460.34
3130.21 6572.13 76.15
-4607.45 2687.12 413.39
1636.69 3494.75 -63.98
-637.20 8795.17 389.87
-990.30 7455.26 440.65
-8359.54 -7170.22 -49.30
-6926.51 -3286.91 -473.19
6813.07 4333.35 -97.96
8742.28 -8987.88 217.77
1383.51 6027.39 -259.20
-3454.78 -3667.30 331.52
-8418.71 9923.63 321.85
-3365.47 -349.64 33.03
8127.13 1097.58 -152.05
-7647.01 5921.73 483.93
7818.34 -1222.66 254.51
9399.20 -7727.03 -47.40
259.04 -8732.17 -48.91
-5066.74 6550.83 119.57
-9340.76 3972.21 -390.45
4992.88 -6791.13 -208.48
-526.00 8169.33 -282.13
3842.82 -5132.53 -145.35
6915.35 896.02 337.57
1818.85 6654.29 -485.43
3328.60 2913.47 177.85
-2827.52 9246.34 421.79
177.56 4945.63 -158.61
9966.71 7982.60 -455.52
6691.87 7671.16 -460.96
5592.19 4908.74 256.99
-984.57 -7032.99 -57.61
-8039.93 -5193.95 -498.29
2499.20 -4910.44 -266.31
-2833.30 7950.64 -363.36
-8619.50 4176.68 -475.40
-6613.38 6207.56 -265.21
9353.22 2491.26 306.85
-1938.95 -989.57 -276.98
-4167.97 -7671.29 -494.66
4.54 -4968.70 -189.71
6575.46 4343.45 -410.85
2013.84 -8049.87 -48.37
4736.95 5283.32 164.39
942.34 -3342.09 -319.20
-835.93 -4925.68 -258.70
1865.00 -4045.59 -161.18
4472.13 3970.74 -454.29
-8046.08 -9484.80 90.04
-5920.76 -2040.13 390.07
8539.23 2332.38 109.07
-1182.18 -3980.59 488.86
2252.34 -1313.80 231.41
6767.59 -6166.20 308.33
-2963.09 8542.90 121.04
134.90 5675.09 146.87
-7842.98 1216.99 -482.17
-1532.76 7135.11 0.16
8348.05 6541.46 125.38
6706.31 5091.46 -291.16
4985.08 -996.27 -15.29
2962.62 1755.79 -415.69
-1372.64 1989.54 -306.35
9131.86 7398.02 -469.22
5855.82 -6613.66 193.94
-9698.44 3342.63 417.61
-3633.12 5916.94 336.06
6050.70 -7436.53 409.25
5059.49 -341.40 -367.99
-1934.05 -9734.58 -322.80
-3728.62 -2559.97 103.34
1598.97 444.83 -313.62
4104.14 513.60 70.76
719.34 -3161.29 -62.31
-3352.47 -3049.30 220.31
9896.37 8816.06 285.34
4926.77 -4763.25 26.81
-8461.23 4986.91 -183.91
521.56 -127.80 -335.07
-9462.03 7025.93 103.51
-5412.36 910.43 -136.32
-4840.04 4557.29 319.59
-5754.14 8454.90 -341.12
-8896.21 -8919.26 122.82
-6574.10 5427.98 -361.43
-9093.03 -7380.27 -250.10
1650.85 1925.85 137.94
5921.48 -6471.59 -465.84
1663.21 -4499.27 84.90
-2067.20 -9748.60 495.80
7396.45 -3556.65 263.17
-3614.87 7080.14 -98.78
8525.76 5940.72 -232.60
-9164.30 -4809.54 284.55
-6783.20 5627.51 229.30
-6716.90 -2456.28 42.27
-4504.69 1743.28 397.74
1284.55 5150.44 -131.84
-892.81 8421.18 451.74
593.40 3230.95 -353.80
4428.73 -4066.64 -370.38
6360.38 -618.61 -225.29
5293.46 5245.07 -322.30
-7357.77 9226.80 12.29
2894.95 6699.14 189.67
6992.58 -8134.14 -91.71
-6586.62 5773.15 -82.12
6898.83 3849.50 131.39
9300.58 8695.45 -270.59
3942.58 -9345.06 -197.83
6911.39 -1309.21 -188.99
823.19 6764.05 487.54
-6109.87 -1269.79 -75.65
-4569.06 -216.51 25.22
-1703.63 -4512.44 154.81
9340.86 -5151.43 90.86
6749.34 9306.61 328.27
-8940.61 -6401.84 167.36
-6700.69 1172.21 440.95
-2885.72 5822.29 -188.85
2659.60 7525.54 -313.23
-811.11 -4657.74 -49.68
-4136.39 -4418.96 -205.30
2356.01 6312.86 195.86
-4004.70 194.80 320.76
5319.78 -553.78 161.07
-3492.22 -1934.74 -320.93
8962.52 7226.25 -356.06
9554.98 4488.33 400.83
-5643.50 -5947.65 482.77
-2536.48 3760.25 179.38
-6285.76 -4741.10 370.25
3676.44 7918.05 -383.81
-2322.53 -7564.22 123.04
-6075.91 -2957.46 436.93
-1837.88 3374.35 249.30
6822.91 -4295.28 428.02
6282.45 5242.84 307.24
3112.07 3659.76 -480.14
-3243.55 -8578.05 -286.24
-3024.79 6376.82 242.81
9514.15 325.54 -467.67
-7709.70 -7385.62 308.16
5484.61 -6358.92 -43.71
6338.85 -7872.90 220.52
2964.62 -3864.56 456.84
5119.54 -1413.56 148.90
4214.41 3585.12 -162.45
-8678.55 -5900.29 192.47
3541.86 8816.34 305.00
-317.51 -864.50 -112.36
-9625.78 -2864.43 308.69
6566.38 -8575.77 102.61
6081.68 -6026.50 -324.26
-1418.58 8315.22 390.85
-4882.28 -3193.91 -6.81
6484.26 4639.84 45.37
-9178.30 6516.11 -15.79
-1932.41 -4862.83 154.11
-9258.44 8009.00 395.59
-5884.79 2397.99 360.16
8062.68 7579.93 -213.28
-1591.52 -1752.95 -495.33
8707.36 2482.59 261.54
-9657.61 7317.73 -141.67
-3113.03 2978.02 -379.34
6568.27 331.46 403.99
7538.60 7591.01 365.91
1568.19 4843.25 -69.93
6258.42 6912.44 -100.61
8056.73 3134.07 -417.02
-8625.89 5090.85 -300.03
-1735.10 -6236.90 -16.44
-3177.31 2330.87 305.55
-1192.45 -4035.35 236.02
7650.52 8976.47 452.75
-5879.51 4397.76 276.81
-162.74 4015.25 389.72
7066.72 -6447.80 -187.59
5477.28 6739.22 -199.00
8353.02 7456.79 265.88
-7153.91 2627.50 298.91
-3793.11 -5272.48 486.86
5288.02 6315.75 -376.70
8914.06 -8738.54 -385.49
3561.56 6488.41 337.29
-9715.79 -2879.94 -438.36
-5554.46 1143.58 368.48
3183.34 2673.73 -225.35
-5463.80 -7320.77 79.56
-3104.70 -2478.59 26.81
-5395.69 4725.08 412.08
-1322.55 3945.31 358.36
-4392.82 -5044.47 435.47
-3822.21 -9921.18 -81.83
9504.60 672.98 85.82
5735.86 -6702.08 314.63
-6349.20 656.55 105.56
3483.31 -8216.58 -10.78
6985.48 -8842.13 -3.18
194.56 4485.63 -403.61
9056.28 -8045.05 -35.01
3877.20 2669.61 -460.46
-3190.27 -1673.65 -16.96
2561.80 -769.82 455.63
7991.36 -1605.50 -141.70
-6324.22 -2684.62 332.07
-4876.72 -3400.51 -239.73
-8630.59 8777.20 137.12
6483.83 4707.08 -64.11
384.97 -3989.55 -313.38
9959.30 8588.19 499.99
-9449.55 -1923.50 185.19
-6072.60 5447.84 233.30
5953.61 -2916.03 -86.79
1417.04 5727.65 -453.47
2927.38 7328.87 279.36
7263.56 -3649.93 -219.75
4810.02 -9943.07 303.35
6877.69 8775.18 -119.12
2962.51 2827.40 353.56
-417.78 -7259.84 -453.59
-7201.43 -8145.13 -450.27
-8036.67 2648.88 483.26
3450.01 -1660.41 -430.08
-7447.62 -8329.88 -354.53
7275.38 7122.98 -127.71
-7331.18 -2218.75 -27.87
2656.71 -998.94 203.89
-1551.68 6257.31 -271.32
-969.64 9481.79 -263.55
299.48 -5687.67 470.76
-7162.33 -4603.02 167.56
5204.22 -6240.07 398.32
6106.95 5357.27 295.91
8678.53 -9623.37 -27.42
2707.41 4467.05 48.22
75.72 -8657.49 54.23
4593.08 6995.35 -366.34
-8730.07 -8372.05 464.99
6555.87 4310.36 -43.72
9960.56 9366.80 -114.82
6978.45 -2214.61 117.74
942.24 -4599.04 357.74
7853.72 -9368.83 368.05
7439.25 -7853.31 -106.93
9223.42 5342.65 332.73
8633.71 304.26 -183.26
7173.17 -8147.72 269.47
5024.92 5616.96 -152.95
5486.03 8172.94 492.09
-7235.91 -3824.59 242.34
-8943.43 4374.29 300.91
-8037.54 -2210.40 -327.82
9607.48 -7806.44 -142.05
-7318.06 8115.97 -361.28
-372.58 285.29 494.51
6672.97 -1071.37 -475.46
-3803.32 -3791.90 228.85
1582.09 5313.69 78.50
7955.21 1384.92 38.57
-2651.14 -5157.34 77.40
-1323.94 1343.53 -103.06
496.85 5371.99 -14.81
-9576.36 1489.48 -169.81
6060.80 -5645.79 305.26
7090.14 -4618.11 12.11
-5295.35 9437.54 -156.88
7805.38 -5564.38 55.99
6917.18 -1879.74 -334.94
-2044.63 6008.73 12.14
-4003.50 1818.59 -400.59
6502.93 -8477.79 -58.91
274.24 -651.26 -93.50
6834.61 -4370.81 93.02
9779.77 8826.55 -477.12
5184.13 2767.99 -320.73
3707.93 3324.33 -145.66
2607.57 6935.90 453.40
-2157.11 -1355.01 83.26
-2664.70 -3925.20 254.30
-6628.15 -2917.19 -229.51
3302.11 -9301.44 -91.99
9463.92 -1076.04 209.80
50.05 3956.18 492.66
-5066.32 1427.27 494.36
944.88 1217.53 -172.99
-1039.82 1851.27 4.34
4100.61 -7270.63 166.02
-7326.10 7797.02 485.51
-7407.77 8131.96 -409.62
-5157.03 -6987.17 -495.46
3069.83 5378.64 -49.37
8213.18 6024.99 -429.74
105.19 2746.39 -255.42
-3611.13 1138.31 -52.80
-4418.60 -3991.82 -284.69
-7171.57 -5801.89 38.54
-94.61 -234.56 483.03
1321.25 -8737.34 -278.93
113.56 8392.78 -445.03
-4156.52 -181.95 420.97
2656.34 2556.83 326.00
8080.47 -9100.68 110.92
-2219.89 6054.53 45.89
2659.01 -5246.44 402.45
-3840.62 5591.54 323.12
-6224.01 5077.04 -67.83
4705.17 1070.51 447.08
-8275.16 -2613.83 -475.79
2930.87 -6957.75 -461.11
-7165.49 -7355.68 493.39
2931.51 -2537.23 -244.07
4859.76 294.47 357.10
164.93 4089.52 -468.00
-1434.69 -4377.88 -275.15
-4631.65 1783.40 -313.28
-487.77 -1742.06 -236.28
4571.36 -4826.78 74.50
-6890.62 7730.84 -184.56
4246.60 5016.72 -161.59
9619.67 356.01 374.96
1904.06 355.46 166.58
8998.03 1994.34 -109.32
1431.71 1463.32 400.67
479.59 -1379.80 418.59
2390.98 -2722.01 306.25
8806.91 -1838.96 -385.69
-6305.17 -5908.95 357.06
5688.61 3787.38 -108.75
-9410.43 -7719.48 -260.73
5578.96 1664.78 396.25
1207.32 -5631.72 -274.79
9058.78 -6320.79 -61.56
8484.51 4646.10 -78.98
-2803.09 -8316.35 -262.17
-195.05 -9123.15 -279.60
-9080.32 -1086.17 -410.74
1762.84 902.09 -233.42
-5832.29 -2424.94 -50.07
-3687.44 -4986.62 -97.39
-6498.11 5818.81 -400.85
3883.83 3466.09 34.71
7184.26 -6402.52 222.99
-7424.51 -5774.08 265.77
-1384.27 -8406.60 -478.46
-6294.04 -7284.96 -410.69
-2597.72 -6612.44 -65.81
-5601.83 -518.58 -129.73
8734.09 1763.50 -166.89
2835.19 -190.19 -126.58
-8995.04 1361.30 451.80
-4271.76 7313.31 -288.17
956.53 5771.59 43.67
-6071.78 6731.63 -492.87
2219.13 3166.61 291.55
-6266.60 1284.52 216.35
2727.67 -257.85 160.72
-6746.35 -703.23 115.04
8329.07 7787.61 232.08
-1155.77 -7997.60 -400.94
5210.63 -6237.06 -331.39
1366.78 -4803.08 281.20
-1763.65 -7357.29 -182.19
1050.17 6404.24 -69.45
1220.00 697.40 74.24
3293.09 -8309.83 365.55
7079.40 -9056.99 116.28
-8459.43 -4600.06 -53.52
-7323.69 6147.83 -365.56
5496.15 -8361.50 -46.93
4382.22 -5925.83 207.80
5602.56 -8643.15 465.00
-678.10 -1976.77 37.01
-1164.65 -5468.09 52.81
-1342.02 4119.40 440.99
-700.50 -6774.91 -52.08
4633.34 -7668.00 -328.43
-2023.43 -7654.39 -6.75
4441.86 -5412.34 323.71
2946.68 -3967.71 -495.23
-2046.82 7318.38 113.23
5665.69 -9790.55 360.03
-6383.13 -7216.57 -408.21
3494.38 9886.84 324.54
9245.72 -3394.09 -198.22
-9822.03 3933.37 -361.97
8306.79 666.63 -478.05
46.61 -3460.74 98.25
-8879.78 8524.46 346.22
-5573.51 -699.04 262.19
8670.68 -19.12 455.52
1035.35 6444.24 -112.82
-460.38 -3361.54 -37.70
-4117.35 -7663.95 -405.01
3126.54 -8317.43 -46.81
-9888.39 -5201.98 200.45
-7038.42 5756.81 -439.32
-8995.56 6899.57 -150.93
986.09 -4500.51 232.06
541.23 -6643.07 -449.45
-1727.82 -1763.75 392.92
-3697.03 -4982.69 -359.66
-4756.09 4482.47 149.63
9546.47 254.48 174.05
2624.32 -1486.62 -314.28
1804.91 4870.63 -159.76
8606.70 473.84 -349.08
2826.53 1829.60 -95.74
-7459.52 8755.63 356.70
-5972.87 6438.00 -106.11
8057.27 8879.61 -390.51
-4183.99 8294.96 -255.78
-8956.99 2423.24 82.44
1436.95 9065.55 48.99
7780.10 -5399.74 -285.08
-424.52 -2831.80 -74.01
9921.76 -2255.03 -408.95
-7200.73 510.94 -228.92
9710.62 7982.36 270.08
8281.74 8967.71 314.87
2848.71 3165.35 330.29
-9607.35 611.22 275.72
3586.18 -5234.55 -265.20
-821.16 2169.55 -490.21
5031.21 -1363.97 245.92
-2656.86 444.53 326.51
-6428.76 -4101.99 -80.37
7146.95 2014.95 -454.53
3979.12 3013.91 -495.53
-2079.49 -5677.03 -175.01
-5003.85 5065.41 -457.32
7174.91 -302.29 -447.71
-2219.83 9112.01 -312.41
-4281.43 294.55 130.12
4642.23 -7139.44 328.00
-4613.57 -9798.77 -209.07
-9832.44 4578.58 237.26
-7901.09 7925.65 132.81
-6751.37 -4617.22 -462.93
-4219.53 -2135.70 -439.12
4521.61 7934.92 -73.29
4028.61 7474.85 87.83
6920.20 1315.76 212.70
6628.94 -500.62 399.49
6109.73 9059.35 -203.41
6530.29 -5471.42 -247.02
2524.96 2836.32 397.35
7793.15 2384.87 288.78
4207.86 5189.22 -13.12
8595.10 -949.55 -434.87
-8103.69 -7139.51 200.49
-6468.38 -2137.11 127.77
5572.89 -4972.73 -331.03
-4336.67 9856.37 413.97
-8011.06 -2078.82 481.03
779.69 37.91 -435.54
-5816.63 8604.91 207.12
-7879.38 -3497.98 154.01
-994.14 6690.94 -273.45
2969.98 6787.68 -129.87
4417.02 -9836.34 -460.69
-328.43 -6305.77 -354.03
2956.87 8800.32 51.35
-759.32 -1594.57 189.95
2090.68 3925.06 83.22
-4172.36 -6890.11 -122.17
-1464.58 2050.76 -453.39
1643.65 -5870.55 294.59
4730.67 239.74 -491.24
-800.39 -4937.98 -12.55
5112.86 -6223.46 118.36
5988.61 -8628.81 -479.40
343.88 -1046.06 -154.08
6978.53 -7605.57 -491.59
-509.15 -5647.89 402.49
5822.16 5072.36 339.59
-8949.90 -8788.81 -202.38
9339.44 -4538.16 64.58
8248.98 -9079.70 -301.22
-9642.98 2403.97 -408.00
-9909.62 -1105.95 278.42
1791.18 -9919.63 446.95
5488.43 -7495.27 -301.88
7019.80 281.28 -447.18
1974.29 2498.02 105.60
238.83 -1960.82 320.75
-6096.26 -5446.09 107.36
2648.13 7167.68 -442.10
-2508.37 -8532.49 412.98
-5285.93 -2380.22 375.06
-1290.73 3327.08 279.78
5277.97 -5991.72 -167.56
-5166.05 5830.64 444.48
5228.59 100.47 -282.00
1346.71 -8132.33 -407.56
-9958.47 657.32 -299.38
9299.58 4136.39 -248.21
-4924.33 -4066.22 9.24
-241.56 1288.68 187.33
8244.33 -2255.79 -324.96
5878.71 -3468.07 134.57
7796.95 8418.17 -203.10
2699.29 8329.73 -429.57
8238.42 4032.87 428.24
-9564.39 -3819.21 -193.27
5402.51 1490.71 -78.74
-2248.78 3082.04 106.58
5803.75 -4426.17 397.59
-4708.73 963.18 -372.05
9480.54 -8346.89 108.78
-789.88 -1424.57 -35.01
-4466.77 -1141.32 42.46
4652.98 -4271.50 250.84
-4265.34 -6174.66 -187.15
8084.16 -9693.47 -151.65
8899.90 -9136.61 359.37
1300.02 769.72 164.58
2391.69 -7087.71 -72.24
2287.29 -867.96 445.56
2593.76 -7537.22 179.91
8963.75 8947.03 106.34
-5755.18 1053.58 100.28
3783.16 4286.40 -342.90
9389.92 8308.18 201.65
-9781.62 7871.24 -91.21
-6179.13 -7211.03 -44.07
-3414.48 -8242.40 -324.23
8264.05 371.87 319.92
-7406.45 8315.65 -347.52
-4756.03 -7142.86 442.98
-4718.50 -6197.04 -56.77
7336.32 -1684.37 251.97
-5129.07 7519.27 -475.76
-5085.48 -5713.85 428.22
-3586.79 5376.72 50.37
-5244.35 5708.32 -208.87
3014.05 9340.71 -282.16
-4723.14 5950.94 -20.62
-1201.59 7723.81 -372.74
3841.26 5876.67 -155.09
4429.32 -6391.01 -269.48
2117.19 -2949.73 390.49
409.38 -6445.27 -467.33
655.61 8845.88 498.44
-1385.17 -3972.84 386.46
1331.87 2854.85 -434.65
9622.28 -6758.49 488.40
6783.02 7100.71 -182.11
-4472.25 3721.24 -477.01
8702.96 -3363.48 -73.65
5906.32 -9336.63 -360.20
601.70 -7702.40 74.35
9100.57 -295.40 -286.56
5122.76 6801.49 -483.88
5523.81 3288.11 -20.60
-299.70 -5253.44 325.30
-2376.89 -6383.86 -380.94
-4290.70 -4553.00 -25.32
-9211.88 8432.43 7.72
-7580.18 -4166.15 -12.53
2760.13 -8782.26 -323.93
-7049.88 -1708.14 -191.88
-1321.27 -3835.87 23.81
9690.01 6368.78 340.86
1773.24 4903.39 5.35
-8890.18 -1541.04 -316.92
-844.23 7873.91 244.26
8858.05 -6292.55 -452.81
183.48 -4762.69 -61.07
-2009.77 5913.34 104.66
-7425.56 -5522.76 -140.65
-499.27 -4726.94 114.56
-973.79 -7306.92 -80.73
6676.60 -2396.80 -225.80
5990.84 -4302.16 -276.14
4727.62 3800.36 -107.66
8388.36 -3531.63 -201.56
-7567.59 -9571.96 -433.40
8288.22 9084.64 55.26
-9121.27 4340.54 291.86
5609.43 -7797.07 -117.80
1891.63 8491.00 -237.26
-1505.85 9152.64 155.26
-870.01 -8668.53 -424.54
-8514.19 -4308.40 439.34
9233.07 2644.81 -474.73
-2467.18 -2733.41 -474.16
5459.52 6171.98 282.26
7193.36 -5494.04 269.23
5151.90 -2576.30 265.17
1596.43 -413.60 -168.92
-5953.23 -7277.62 -89.59
2187.63 3711.89 8.37
6829.71 -9193.12 10.52
7496.33 -4260.57 198.49
8447.19 -830.33 -414.24
4316.40 -2677.77 -148.99
1462.43 5569.60 -389.15
-5448.98 2335.18 287.38
-3803.93 -4289.12 -228.34
-2833.66 -2610.20 163.58
1060.10 2257.67 92.83
-7320.93 -9857.95 -376.62
9463.31 -5399.57 176.51
-8468.51 795.29 -451.62
3360.45 3751.09 -334.83
1293.63 2034.87 32.43
36.10 -7568.48 266.11
2470.50 6248.84 270.40
-3865.46 -5835.07 -24.51
4441.70 -9688.62 338.49
-4567.30 -2616.31 -323.26
-4677.24 6266.87 274.81
107.02 -793.89 -455.48
-188.91 8439.72 302.26
-7665.31 -7091.48 -258.20
8271.56 8578.31 187.40
6946.61 5667.12 -323.49
9854.98 3522.96 -342.97
5561.87 -5325.23 -329.72
-2416.59 4186.45 403.20
-5601.07 -1965.69 31.83
-5619.91 -2521.24 -117.09
9173.51 -2050.30 -266.06
4990.82 7747.46 207.93
9155.70 1775.58 12.96
-6896.41 -1863.79 227.51
5628.75 -9300.72 455.83
-6291.65 -1920.90 -351.94
161.60 -8433.67 139.79
-1646.73 -9463.38 430.92
3939.95 5609.76 268.69
-8215.84 6796.42 108.46
-4888.95 4486.18 -149.53
1478.06 7720.54 495.60
6636.45 -9701.60 -253.91
7986.02 8652.56 482.43
-8748.53 -4139.39 384.51
1658.80 -7703.96 -445.04
1672.14 9418.96 319.98
1639.22 -8720.53 395.48
1767.43 6342.91 -260.67
-8738.78 5700.39 -145.99
8834.38 -7209.01 -272.63
-3182.45 -3983.12 -448.43
-3591.57 8490.57 -205.40
-9864.67 6619.17 -349.85
2403.74 -7358.17 415.69
-3078.72 7340.42 400.08
-2954.07 -3805.69 -249.46
1841.42 -8104.51 -395.45
-2323.15 1252.25 -433.46
771.59 7222.68 -416.32
8461.30 -3444.69 -413.02
-6360.74 -3891.80 360.14
-3815.10 8833.61 -407.12
-6449.58 -4479.49 -38.66
8408.64 1630.24 -26.96
7510.49 9190.55 -375.23
8566.67 -6686.34 195.70
-6614.73 7511.59 278.39
-5208.75 3116.62 -93.87
7470.89 -3204.54 75.62
1576.84 -5464.84 443.04
-1301.65 8214.26 36.71
-9433.68 8332.60 -367.37
2565.60 -3073.61 181.44
-193.94 -3349.02 103.17
-6290.30 -8229.31 165.76
-2041.72 3561.63 315.70
5149.85 -2529.69 230.88
8233.36 -2122.15 -467.88
927.57 -1349.48 405.70
8859.05 -5215.71 232.96
-5551.23 -587.57 0.87
-1855.81 -4256.32 430.22
5815.00 -9786.08 260.29
-648.28 9670.11 -451.59
-7957.92 -9821.05 -151.39
8759.37 5275.66 302.02
9589.54 2957.52 24.72
-7466.48 -4151.96 -359.81
311.14 652.55 -278.89
5227.40 4158.62 -400.04
-7864.97 -5691.68 -474.05
5287.19 -8215.66 342.33
9979.57 5103.90 117.70
3572.90 6298.74 404.78
7265.97 -9577.15 -461.50
-3192.99 6901.61 310.86
8259.78 6534.78 19.55
-1879.73 -1573.12 183.29
-3393.20 8901.59 -365.49
1481.30 -6354.81 -249.95
-7463.43 6143.17 -65.18
-1449.43 -8939.93 -237.23
-4723.02 5518.72 452.50
-3806.22 -7225.05 -9.67
-4885.07 8523.80 -264.54
-4388.41 -4557.49 201.11
-9448.86 -7581.76 -494.50
4177.45 269.87 50.45
-5097.43 8647.65 435.41
-4189.62 1597.09 -465.35
-799.32 -4310.28 -140.00
7510.02 -3843.47 486.52
-2582.52 3473.61 -77.65
-1141.67 880.77 145.02
-6628.20 -7194.64 -151.71
192.83 6707.79 395.21
-3517.66 -3627.70 220.60
6613.84 35.91 431.07
7608.99 -3911.84 -187.92
3860.03 2227.95 -439.18
-2495.12 -482.46 438.06
3945.13 -3023.67 -180.99
-6196.91 -7441.06 313.20
1662.13 -3775.00 186.27
3214.37 9845.19 -369.33
-3524.85 -9175.61 -427.88
3445.06 4298.02 -230.90
-2423.60 -4661.49 -453.20
4250.40 -6857.89 -315.07
-1821.96 733.22 -86.40
7760.62 -3599.04 -495.11
-9999.24 6704.16 485.28
-8957.72 -6291.65 -343.14
-2961.08 -9421.65 -384.37
-2433.65 5046.80 135.29
6525.33 2276.92 -75.79
5501.96 5357.90 -454.91
-1314.45 7040.21 11.62
-6617.23 -3915.50 -267.76
9298.62 -263.13 100.52
-3102.50 -6172.48 99.07
8752.79 287.53 253.32
-1981.46 3269.15 241.00
-116.84 1676.04 63.44
-6329.94 -5332.88 104.52
849.84 -8814.33 98.08
-893.83 -231.38 41.33
9632.03 -6075.99 -86.31
-9349.55 9805.72 336.99
-303.35 6636.92 -171.87
2732.92 -5256.97 452.51
-499.66 -1723.61 299.95
7816.25 6449.05 -260.53
-8817.98 -8052.50 -452.49
-3642.39 9093.67 249.98
2963.15 -7608.79 -389.05
9266.70 -1433.63 144.04
4869.03 1263.75 140.46
6530.41 7399.66 -32.41
6506.40 8815.28 51.01
2191.62 815.16 -56.03
9755.73 -3842.57 50.93
-7694.54 -5059.24 82.27
-7766.12 503.62 -12.77
-9004.00 -6954.47 -51.61
7547.76 5829.98 -494.52
-4888.20 457.10 -120.49
3397.05 3438.68 -8.38
3004.32 2597.17 338.05
-4185.55 5003.60 -350.10
7589.60 -829.78 88.16
-4078.25 -7002.85 183.81
3260.10 -3286.20 80.20
431.76 -8677.31 425.60
-4261.27 9527.27 -20.07
4881.64 -2567.97 162.44
-2392.01 7980.86 -304.09
-8422.99 5198.77 -322.07
5348.52 8943.25 153.06
5153.67 -5501.00 -387.10
